416.62
149.34
400.0
150.6
423.31
140.28
401.5
206.05
195.75
252.5
168.89
129.16
213.78
394.0
220.74
400.5
379.5
312.04
389.0
370.0
294.0
127.19
192.18
207.4
402.89
204.99
205.86
230.6
181.94
382.0
268.5
280.5
279.0
186.28
216.1
220.74
287.5
134.02
364.5
303.7
131.53
201.08
243.89
316.1
119.87
131.3
391.5
181.9
313.78
249.0
375.0
335.82
166.65
380.0
336.4
297.5
390.5
272.0
123.56
400.29
124.7
227.12
245.1
179.37
382.0
328.28
257.5
371.5
391.0
393.0
250.5
319.02
129.97
400.5
222.48
353.0
144.86
294.0
285.0
202.76
223.64
223.06
224.8
149.25
323.62
386.0
183.29
237.56
179.36
254.5
196.85
259.5
350.5
175.18
271.0
307.98
300.5
214.6
323.06
276.5
1006.55
1318.36
1004.88
1489.16
1287.33
891.4
1183.65
1314.57
966.57
1176.93
921.89
1154.37
1399.32
1335.18
1448.59
1248.4
1009.29
915.41
1220.07
935.02
1450.16
1376.78
1030.56
1283.06
945.82
1398.72
949.15
961.0
876.15
973.2
1249.94
1105.49
1174.03
1032.29
1186.11
903.9
1114.74
1350.67
1248.32
1105.74
939.89
1112.64
1215.88
941.54
1233.89
1342.26
1434.07
1355.55
1068.57
1237.42
1047.32
1333.76
1153.91
1276.2
1119.42
1056.68
1304.88
1184.78
931.13
912.31
1275.11
784.48
1222.49
1042.86
1260.55
1348.23
922.73
951.89
1451.8
627.51
867.55
1125.84
1008.45
1044.38
1108.95
1358.5
1346.25
992.92
863.68
938.22
1310.56
1115.54
1082.01
1468.25
1259.14
1048.5
970.88
1072.29
1017.61
1276.1
1194.07
1268.0
1164.3
838.01
763.27
1227.11
1209.65
791.38
808.87
1053.07
2083.03
1216.93
1565.56
1236.65
1177.09
1780.46
1241.5
1125.77
1150.19
1611.55
1258.63
1276.44
1281.52
1339.38
2011.66
1499.96
1287.85
1336.27
1915.59
1400.32
1055.37
1381.37
1760.37
1570.24
1587.93
1005.3
1387.96
1894.43
1264.63
1548.82
816.71
1262.2
1209.29
1371.9
1155.56
2047.3
1053.37
1330.58
1434.25
1221.51
1373.96
1157.84
1034.21
1274.3
1380.55
1538.18
1942.54
1785.98
1249.88
1689.33
1851.76
1127.09
1967.24
1232.88
1633.2
1284.05
1166.24
1045.98
1476.88
1377.41
1202.48
1471.25
1646.05
1208.95
1339.34
1516.71
1634.36
1754.46
1423.11
2146.88
1356.94
1573.32
1205.66
1570.76
898.1
1174.43
1668.8
1243.66
1251.6
932.8
2096.52
1650.61
1909.06
2085.78
1319.44
2069.58
2099.17
1073.24
1534.03
1646.24
2110.65
1941.01
2084.62
1674.48
1034.01
1047.28
1280.4
1881.65
1281.19
1462.42
1817.73
1165.86
1050.86
1035.45
1015.16
987.08
852.96
1152.79
1112.14
1426.12
1005.27
1010.29
1109.39
1038.33
1031.9
1067.81
1258.25
704.76
999.27
900.33
1431.99
1004.12
936.76
1161.08
1225.68
999.85
1362.46
1379.84
922.27
1065.44
615.16
742.1
823.91
2049.03
1204.46
952.17
889.1
690.39
1206.33
1297.56
737.71
998.56
1191.12
1443.87
1118.96
1040.76
1270.74
687.98
906.07
1279.58
1515.44
1149.11
829.07
1275.75
781.93
838.64
1077.28
1189.75
733.76
793.02
871.86
985.88
1547.03
1140.51
651.79
1417.98
1448.62
904.37
812.4
1015.8
1273.13
959.65
1200.28
1062.63
1257.45
1219.17
1084.24
758.4
909.77
1373.79
916.53
1241.98
1034.39
689.13
1266.99
922.03
2043.52
559.23
934.52
1327.4
836.83
1219.07
830.11
1031.2
1545.07
1261.38
1168.18
1049.91
1322.08
1414.48
1286.19
723.0
1154.09
1225.74
906.5
684.0
1133.53
1133.09
774.05
1299.74
841.69
1063.49
1028.99
1148.89
986.49
859.27
1778.99
601.09
1713.99
546.59
1211.99
678.0
975.39
827.39
1014.89
1010.5
1274.74
908.75
576.29
1410.49
614.69
907.09
989.5
1112.99
838.19
1542.74
972.69
990.25
760.69
1000.25
1247.49
1162.39
751.79
674.25
807.33
1314.99
604.69
1062.24
1350.99
780.89
444.84
464.68
543.57
695.7
1047.19
743.11
980.21
994.0
558.84
674.0
1040.53
1062.76
865.61
816.98
1273.38
609.65
1078.89
1032.11
1082.88
491.21
875.57
888.91
1096.14
935.82
864.08
1175.32
1011.93
1229.58
1140.84
542.71
769.16
813.0
467.68
523.27
1094.1
857.25
1276.48
956.8
849.9
1301.66
568.85
604.33
586.15
1000.6
606.9
497.99
997.13
849.55
1125.12
1031.25
960.9
935.4
769.24
420.02
971.14
416.21
1169.46
731.67
930.21
669.35
869.9
817.11
767.61
536.97
458.29
898.56
919.28
1207.29
891.79
573.35
1137.71
1089.63
1168.69
538.83
636.81
534.94
730.71
712.86
1148.85
551.27
780.94
997.13
739.91
817.26
488.0
716.13
1304.19
517.44
1102.24
723.4
756.84
940.47
816.1
353.38
566.05
526.83
1114.99
1160.11
541.98
1144.31
1199.73
1104.29
1111.11
1075.99
1036.71
753.14
889.61
1024.68
959.32
1126.64
1001.02
1160.44
1094.53
1004.03
1158.45
922.14
901.13
867.37
1069.94
1142.23
898.61
831.92
1022.54
1152.98
1234.97
925.38
1039.69
884.49
1069.41
848.83
828.97
1109.86
885.13
854.7
1019.65
1221.13
1141.44
1074.96
1063.55
1106.17
1097.73
1110.07
1011.49
1134.2
962.56
1168.04
1171.41
1085.09
968.93
1061.84
1035.47
952.49
1175.33
1134.5
846.41
1142.94
1007.02
809.02
938.48
1232.51
1118.32
1007.04
987.13
1114.22
1143.6
1085.15
1050.55
1104.12
1257.43
922.8
1146.45
711.75
1118.97
768.89
1077.1
1104.25
1165.3
927.32
1145.2
1004.51
985.08
982.39
925.79
1200.51
1060.1
995.51
1323.71
1147.2
883.29
1355.92
753.15
1200.85
994.62
1109.96
1151.74
1086.75
906.55
1074.37
1201.88
941.74
1810.62
2033.33
2064.57
1890.54
1628.25
2192.28
1978.99
2128.81
2047.08
2088.92
2085.17
2204.31
1821.72
2151.97
2013.67
2094.49
1908.97
1983.11
1986.22
1970.25
1896.37
1946.73
1988.12
2069.88
1967.38
1673.21
2015.51
1980.91
1487.14
2136.44
1970.46
1942.05
2210.43
2115.45
2079.28
1994.41
1641.86
2125.89
2145.59
1484.27
1895.19
2116.68
2081.29
1869.97
1924.75
2055.91
2002.53
1994.31
2150.77
2037.7
1677.29
1927.66
1641.04
1985.58
2159.78
1979.88
2036.39
1897.21
1706.62
1629.89
1671.29
2030.67
1673.56
1890.64
2078.43
2017.36
2092.65
1583.16
2077.91
1649.41
2107.04
2029.52
1998.18
2141.86
2035.05
2006.32
2054.02
2092.92
2117.51
1692.33
1972.86
1920.39
1971.58
2122.06
1823.1
1818.18
1987.46
1941.54
1674.08
2094.55
1673.0
2138.24
2119.46
1967.66
2031.4
2007.23
2014.34
2030.45
1608.9
1913.49
1107.95
846.72
912.25
1847.95
1022.51
910.68
1708.73
1745.88
783.61
1374.76
1846.22
1297.09
1678.06
1457.29
1219.29
1869.38
1361.43
2100.62
1805.55
1617.63
1127.07
1859.71
1550.84
1535.5
1476.61
1105.48
1295.03
1000.6
1685.21
1837.74
1785.22
1382.28
1658.64
683.17
1364.63
1725.53
826.11
1604.72
1335.69
533.89
2047.2
2071.7
1218.28
810.45
904.65
1418.08
1982.15
891.78
1548.79
1277.84
1307.3
1197.41
1377.9
1790.1
1289.3
1079.71
1748.46
1753.36
985.11
2098.22
1830.0
1169.55
549.71
212.34
1436.94
808.47
1318.75
1864.84
1122.66
1019.85
1520.38
1043.31
1122.39
594.59
1286.43
1250.56
1829.29
1471.77
710.18
1276.36
1081.95
1210.79
1265.79
1958.84
552.13
1604.8
1268.11
1443.36
1199.08
1786.87
2183.26
1004.84
1366.7
1133.06
1258.76
1602.73
2220.36
805.25
700.33
1166.69
1433.81
1737.67
1458.07
1773.9
2319.32
2001.42
2215.66
1582.7
988.54
1504.75
1326.87
929.16
926.25
1143.07
1288.17
1420.78
1515.67
1019.56
1284.21
1438.38
1164.0
1500.68
1565.06
1350.96
882.24
1709.54
989.97
1511.96
1190.15
1557.44
630.93
1374.79
994.79
683.59
674.96
1248.64
1122.15
671.47
2100.85
877.12
780.86
929.86
940.3
1552.93
1323.62
2232.33
1773.46
1251.84
907.69
1467.2
1408.29
1340.2
1754.04
1718.45
1517.79
836.44
1262.42
725.73
1495.34
1511.07
1823.16
647.66
587.57
1079.01
1328.97
1201.06
1049.01
1337.72
1300.67
1726.57
1671.92
2061.11
1134.32
1801.17
953.24
1092.83
1325.43
2119.68
1669.21
1500.44
1188.37
1890.07
1663.99
1351.12
1467.2
1173.65
656.77
724.06
965.25
1460.95
1801.99
1678.22
1339.1
1191.53
1626.33
1383.45
1343.65
1919.01
844.71
1304.62
1305.05
1024.72
1855.6
1398.69
1177.87
1435.48
1149.89
1509.84
1381.31
1803.03
1128.68
1513.78
1862.77
1165.9
1627.75
1880.33
1695.32
1795.36
1386.57
1255.1
1071.64
2010.76
2094.01
2037.16
917.89
1613.82
1092.44
654.31
1167.04
1626.24
889.97
1171.22
1314.12
1874.3
1799.49
1346.62
1661.92
1873.1
1863.47
1515.7
1267.55
1378.73
1514.4
1295.94
1935.97
1505.07
957.28
1728.31
1654.62
2281.82
791.87
855.87
1752.25
1439.07
1497.47
2073.15
1260.3
2029.16
1247.86
1900.32
1128.66
1639.53
1072.84
1162.56
1572.23
1508.8
1044.12
1267.04
938.78
1540.24
1460.77
778.86
1307.26
2174.65
751.22
1251.78
1578.73
2239.68
1529.52
1194.41
892.64
966.73
787.82
1165.3
1188.75
1091.58
1523.05
1602.15
1330.52
1593.94
1413.13
1012.05
1828.65
1791.21
1211.07
1198.18
877.14
1337.68
1225.46
1546.78
976.77
1355.44
916.59
2117.35
1113.41
1344.89
1608.97
1681.94
977.75
1741.98
1654.33
1163.86
934.0
1461.67
1334.5
951.12
1354.26
1484.65
1648.29
1294.99
1249.05
1484.75
882.25
1261.08
1064.48
1287.07
1650.55
1397.43
1586.94
1251.88
1270.04
1154.2
1790.19
1351.33
1438.74
589.65
1082.31
1792.21
1591.12
988.63
2217.02
1172.75
1124.62
1872.93
1092.3
1249.11
519.35
931.6
1732.05
1497.97
1173.24
1277.94
1713.44
1362.19
1495.66
1733.93
1348.3
1051.85
1114.06
1714.36
1621.39
1514.7
2129.91
1519.6
1305.96
1494.76
1576.2
1077.87
1695.49
1891.65
1246.58
1288.48
1974.11
845.28
1568.26
1204.94
2326.73
1999.61
1455.06
1333.51
1191.06
2230.2
1301.53
1185.11
877.35
997.43
1304.33
1077.4
1447.53
1685.78
1269.54
1202.17
1079.57
1147.88
1164.29
1312.13
1838.68
1614.48
1600.24
780.41
1555.85
1266.4
349.41
1949.2
1042.41
1533.47
1360.7
1674.33
1715.31
1132.48
895.56
1231.67
989.66
1604.42
1582.25
1645.63
641.08
1242.59
1386.86
1229.11
1320.81
1257.91
1288.52
2037.87
1039.86
1349.62
1403.84
1317.13
1812.18
1656.38
643.19
1491.99
900.46
1217.12
1701.24
1565.65
1000.38
1218.14
1280.24
982.98
1605.82
819.28
1361.24
1461.22
1598.92
1845.79
1674.57
1210.68
1197.84
1136.58
1586.65
1225.01
1284.88
1518.34
773.59
643.85
1382.66
1233.33
2234.98
952.02
2142.81
578.27
1613.95
1214.7
1887.05
1610.55
533.88
798.93
1506.31
701.61
1149.86
1317.82
1209.5
1531.8
975.01
1784.21
916.14
1528.96
763.05
1422.45
1125.23
1185.44
1310.11
1927.74
1423.19
652.08
935.47
969.53
1228.59
1403.57
634.33
1289.99
792.5
1201.91
1270.7
1383.23
2074.86
1831.32
2142.99
1179.9
1795.3
2004.29
1130.54
1029.45
879.73
1188.2
1466.18
1260.74
1749.14
1707.91
1458.21
834.5
1443.97
1150.16
1543.72
1620.44
1698.77
1842.88
1898.15
1000.86
1449.72
978.99
1285.39
1436.14
988.22
1569.12
1501.04
1116.73
1360.74
1205.41
954.33
1464.26
896.56
1065.5
2047.2
1093.23
1751.44
930.45
591.81
1052.41
1229.14
1822.54
1593.27
1473.46
1097.97
1481.99
1608.48
1593.09
1055.36
1084.89
1737.16
1039.6
1424.2
1105.84
1499.67
1982.96
2035.06
1715.59
866.26
776.86
935.89
1014.42
1325.61
920.87
1734.98
1846.16
999.52
1441.85
1861.97
1308.03
1223.93
935.19
1309.66
1116.43
746.92
1020.13
1036.39
1120.02
919.55
892.89
1446.11
1186.26
1454.27
1369.42
1129.09
1333.73
1515.23
944.15
1540.59
686.27
698.24
1072.08
1012.23
1044.07
1097.49
1593.93
1843.57
1350.67
998.51
1679.76
1028.02
1437.76
859.49
1338.46
2139.87
2195.84
1555.91
1128.23
702.67
1408.65
1454.76
1139.52
1024.89
1474.53
1939.6
1315.56
1215.8
1360.47
1185.87
2126.92
1866.4
2383.79
1304.67
1351.6
1523.45
1325.36
1266.12
801.19
2237.44
1169.06
1567.68
1050.26
924.8
1453.88
1648.17
990.34
1661.58
1078.41
1404.79
712.4
1065.47
1933.87
1386.66
1570.33
2268.16
1491.17
1251.1
1659.21
1248.16
1334.38
1103.53
1274.81
1413.27
1721.96
1055.07
859.47
1653.86
1241.56
1385.07
528.9
1113.96
1084.93
1117.41
1547.4
1033.31
1489.87
1648.29
2154.35
1068.42
1645.35
1449.97
1018.86
1199.34
1680.13
1233.43
1412.85
1355.35
1237.25
689.75
1238.98
1261.67
1171.4
961.26
1519.87
1465.71
876.13
1449.94
1204.67
1482.97
1483.28
906.4
1683.34
1215.38
1786.46
1108.93
1989.16
1405.1
2093.27
1115.51
1615.93
1772.49
1424.37
1258.08
859.96
1212.99
2208.2
1381.01
1556.98
1122.98
541.39
1652.09
981.81
927.35
1898.51
1886.51
856.88
1051.82
1349.48
1190.82
827.49
1374.54
1216.48
1039.53
1234.61
1262.9
1004.41
1150.69
1411.33
1474.92
1419.72
1893.71
1519.66
790.4
1178.91
1371.85
1477.71
1329.11
1186.87
1276.68
782.09
1616.49
916.79
872.93
980.66
1712.95
1485.65
1982.87
1744.26
1455.12
778.0
1301.07
1667.63
756.45
1807.03
1839.62
1980.04
862.24
860.65
1335.75
1325.1
1881.26
1275.17
2023.33
1458.96
1218.92
1426.41
891.95
1197.28
1937.16
1480.16
750.77
836.35
948.97
1022.81
1129.93
1040.89
1362.87
1293.49
1961.33
796.73
1004.01
650.63
1431.11
1491.71
1342.27
1020.97
1947.53
1395.75
292.93
1353.86
924.52
850.04
1757.72
1066.88
1214.74
1498.67
1795.35
1652.89
939.39
509.61
1060.33
1220.09
1851.44
1157.2
883.9
1718.55
451.13
633.76
1777.44
1370.63
865.27
695.53
1034.88
987.48
1171.3
1041.8
1566.61
503.84
1080.29
1071.96
1413.44
1379.25
1502.72
1378.15
1599.2
1564.83
1107.69
1654.04
1008.21
1456.64
856.75
1493.91
1524.07
991.13
1589.92
1638.67
1278.16
1622.92
1515.51
1631.81
1163.44
1020.05
1044.52
1321.8
906.96
1547.88
1396.68
1372.64
1440.76
1990.04
1894.16
1826.36
565.41
1166.04
1305.84
1971.26
1401.7
1216.97
1242.37
1007.26
1603.98
1706.46
1736.88
1480.97
1491.37
1060.98
2101.68
1602.41
758.55
1206.96
1146.29
981.6
1438.15
1293.1
1273.0
1404.42
1218.66
1637.36
1265.03
736.31
1160.1
1339.51
1019.8
1361.92
1495.14
1080.53
669.01
1064.4
1240.28
1241.91
1318.23
1271.82
1786.24
1341.49
708.22
1321.38
1053.64
1424.04
1339.75
986.13
1584.33
1200.89
1651.15
1903.27
1700.33
1522.09
976.41
1232.83
1252.32
1176.62
1464.83
1550.55
821.41
1647.71
2100.1
1700.12
1533.18
892.5
1057.76
1352.39
865.64
1516.11
972.0
402.56
1154.66
822.26
1127.66
1187.56
1121.25
883.01
777.67
1903.4
1215.72
630.44
1363.22
2014.68
1091.97
1489.01
1655.88
1484.68
1633.72
554.36
1219.71
1829.62
1012.72
1366.7
1164.9
946.47
1743.46
1299.5
1309.97
969.99
1902.17
802.99
1734.78
969.1
984.46
1294.53
1434.49
843.77
967.32
616.72
1140.55
1649.3
1874.79
675.15
2110.13
779.06
1180.17
1259.94
1674.54
1677.6
1177.66
1300.66
1483.74
1067.27
650.73
1287.48
1723.27
1504.29
1071.77
2174.12
2003.45
1408.86
1105.78
1300.6
1540.08
1074.38
1334.86
1298.31
1491.82
1312.45
1444.04
1299.27
1566.57
1843.06
1572.73
1534.76
1539.09
1041.81
835.93
1329.13
1820.49
655.74
1425.74
1248.42
919.53
1425.58
1426.5
1613.0
1134.59
1068.31
1281.55
1299.05
2223.87
1283.91
1957.04
695.15
1136.6
1441.12
1459.16
1766.39
1492.24
1693.99
1357.31
819.3
1021.87
1645.18
2014.41
557.6
2065.44
724.17
900.16
1510.39
990.36
1269.17
714.62
2207.45
1485.63
1784.53
1760.75
1200.38
1477.69
1415.77
1793.38
1519.73
1252.78
1099.05
897.85
1384.87
909.39
1434.26
1444.46
1077.39
1913.35
1436.09
1296.13
1212.96
1677.75
1775.23
1620.83
1850.36
819.87
977.05
1024.1
1299.0
1752.1
1484.13
1267.66
1729.44
1301.7
1097.05
1304.27
1455.4
1488.15
1735.3
934.69
1172.93
841.59
1443.15
1390.4
1452.21
801.95
1339.5
1000.82
837.28
917.93
1157.26
532.06
1102.0
1096.38
1478.37
684.9
740.91
842.53
1479.44
707.99
789.23
1411.26
1578.96
1267.74
1409.58
1568.04
1663.41
1363.2
1470.81
1423.07
1032.19
1553.57
1297.9
1302.91
898.96
1030.9
1354.25
1138.79
786.21
1342.61
1604.93
1634.43
1135.55
1915.68
949.34
1590.3
1928.99
1077.75
1666.74
1752.36
807.23
1119.8
1257.21
1532.6
1154.11
1055.57
2177.91
1966.81
2178.78
1391.35
1556.33
1831.32
1388.27
1793.39
1459.28
1642.01
1545.64
921.08
1605.31
1133.04
1280.13
1848.39
1153.65
1462.76
1206.99
1109.59
791.76
1612.13
1511.54
815.62
753.81
1005.68
1092.75
1240.39
715.84
752.35
1289.99
1626.62
1503.24
1348.1
2055.03
2163.49
1839.11
1772.08
1357.28
1159.89
1071.16
1131.74
1818.8
730.6
1580.97
706.49
1438.24
2058.2
1019.35
1332.03
1172.19
1301.73
1570.38
689.71
1239.77
928.02
1590.08
1602.4
1243.25
906.03
1150.16
1464.7
231.64
927.74
2039.73
1178.07
972.91
1089.06
1695.99
832.67
923.37
2057.96
1535.59
1484.67
1871.15
2028.7
1002.05
1522.09
1190.86
2186.7
1408.91
1349.53
1477.06
1892.11
809.76
1492.67
1110.02
1501.76
1341.87
986.82
1369.08
1504.9
1305.61
1000.51
1174.58
1726.47
1399.88
884.24
1278.88
1227.06
1480.1
2029.92
1625.33
672.69
315.71
947.17
1580.77
1577.5
1995.1
1292.24
1347.56
1873.68
1692.51
1582.51
803.71
1727.21
1910.98
1423.18
2101.72
1699.78
1134.93
1716.95
1136.32
1203.48
1277.42
1139.1
1496.69
1360.63
1600.76
972.52
1496.67
433.2
1593.52
1169.51
1078.55
730.4
1040.9
1590.71
1411.23
1681.93
940.14
1833.64
1114.08
1029.16
1608.42
1428.33
1190.95
735.91
911.22
1800.87
2000.16
1018.72
598.71
976.5
699.27
985.29
1726.29
1057.28
1791.69
889.83
1107.01
1413.1
1706.78
1001.49
1130.5
1747.99
1591.01
595.63
1993.46
1506.89
2163.32
2227.35
960.54
1629.4
782.87
1516.75
1541.76
931.74
1176.85
1702.24
653.29
1030.79
1046.32
1529.96
1319.74
2147.62
1090.88
1109.59
1198.06
1278.08
1686.54
810.46
1556.7
1114.34
1445.53
634.66
1429.92
1509.13
1696.58
1586.48
958.41
1464.66
1011.5
1673.46
1426.85
1398.59
1653.08
730.34
769.24
915.4
1211.34
1215.4
1303.47
1620.28
1199.23
1292.89
1152.61
1274.25
1011.78
1399.16
1687.34
1071.0
1589.92
1391.11
1509.36
1149.33
951.86
1220.2
1766.87
1366.44
913.33
1358.11
1530.2
2059.57
1356.03
1974.21
1458.49
1029.06
1323.79
1489.79
2108.12
967.54
1170.55
1109.55
1647.82
1629.05
646.97
1222.61
1931.51
2371.09
1088.3
960.83
887.96
1153.36
2188.3
1109.43
1440.53
1319.74
978.12
1118.36
1346.25
1025.72
1476.34
1184.88
389.88
1100.56
1562.53
1830.09
1875.74
1382.62
2252.28
866.52
1440.36
1437.25
1487.29
1145.3
1290.01
1160.94
1624.54
1187.49
1974.38
1296.65
1655.18
936.05
726.9
2002.53
880.6
1564.31
961.34
1057.43
1273.98
1510.73
984.89
886.96
1713.71
1022.69
1964.21
1153.86
932.29
1455.5
1469.66
1558.45
1885.87
1055.56
1848.6
1862.82
1673.95
904.76
590.01
1187.1
1412.95
1537.88
816.36
1586.21
1750.34
1246.38
1479.28
980.67
658.95
1396.18
754.55
225.95
943.26
1551.77
1582.06
1549.67
1860.13
1470.9
1766.66
1660.61
1098.22
1849.04
1664.12
994.9
1229.69
1329.34
1772.91
1362.65
1526.1
1093.72
1609.26
1244.71
1206.31
1356.8
899.56
2014.35
1150.31
1484.12
1977.98
869.94
1693.21
214.35
1928.96
998.66
1631.11
1551.26
749.06
1553.65
1893.64
1319.47
1491.59
767.04
1240.26
1598.95
1368.18
1217.84
2307.4
993.3
1628.88
1316.58
1165.0
334.28
1708.04
546.41
333.04
1264.53
1161.1
2050.03
1533.06
1411.52
1760.34
1419.53
1125.44
1370.17
1087.93
999.42
1483.87
822.4
1396.06
1129.7
1281.99
1384.3
1714.15
1569.57
1024.07
1123.1
1423.12
1573.56
949.06
780.01
1179.98
970.3
1033.86
1109.85
1304.55
1352.18
1559.33
1079.45
1657.93
969.46
1689.18
1768.47
1537.79
1091.35
1132.54
849.93
1861.76
1854.83
868.66
1482.98
1094.79
1092.84
721.09
1129.59
553.25
2170.13
1866.35
1378.56
1389.88
1633.34
735.49
1327.57
1503.97
1607.11
611.89
1324.39
1454.37
732.9
1084.58
947.53
1132.15
1266.91
1784.18
1252.69
604.64
762.3
2013.72
1303.62
1580.4
1917.93
983.3
1311.1
1940.44
872.29
848.46
1198.77
1620.53
1325.7
1413.41
1230.96
1616.92
2046.86
1466.85
925.2
1835.17
1990.19
1795.0
1535.99
1419.32
925.52
1678.42
1295.99
1149.15
1345.7
2026.39
1100.71
739.17
1332.84
1036.03
1109.44
321.51
1419.21
1796.51
1610.93
1714.68
1427.22
1640.92
2077.98
1492.82
1198.65
1077.13
788.46
2257.31
1495.35
1204.93
1537.3
848.44
1559.08
1751.71
1282.02
980.44
806.17
1313.89
1963.72
1231.97
1247.81
1290.45
1012.72
1716.26
1962.82
1205.72
2013.24
1227.15
920.13
1772.97
1190.78
1412.39
1007.58
1252.09
1146.7
1078.09
1299.0
1345.82
1259.57
1206.96
1664.3
1188.06
977.39
1041.94
1992.78
1593.57
1592.86
987.49
1056.85
1108.47
964.02
1767.62
733.77
2183.5
920.14
1343.69
748.74
1413.53
871.26
563.67
422.13
1675.49
1702.44
810.73
1360.41
1791.3
2238.59
1446.02
1852.22
1199.27
1384.07
1505.91
1152.49
1768.23
1255.26
764.15
1832.49
1429.69
1165.51
1912.54
1964.68
1214.9
1384.01
1475.62
1145.71
1161.41
1802.76
1326.09
1420.71
1052.43
2047.69
1260.65
1389.63
1342.09
1713.25
1387.49
1975.07
1068.65
1129.25
1140.55
1454.34
2100.75
861.84
1236.09
956.5
2144.94
1944.34
984.36
1986.49
1550.88
1553.72
2006.22
893.06
1111.79
1444.9
524.33
2099.11
1824.53
2017.35
1673.79
1491.37
1387.9
1267.35
1834.02
392.23
1660.83
1642.44
738.51
1873.18
1327.39
1333.07
1521.41
1667.77
1350.93
1283.6
1193.64
1438.56
1693.31
1085.09
1258.91
1194.03
1287.03
773.33
900.97
703.13
1312.36
809.44
1224.03
1032.88
1383.94
1944.02
1580.79
1368.39
1741.63
1253.49
959.56
1335.32
1849.99
621.26
666.06
1673.08
1908.35
1541.42
1697.56
2160.86
818.22
665.63
1588.32
842.42
1818.6
932.73
1997.34
1061.86
1492.38
1842.1
1008.87
1251.96
1449.16
1983.85
1407.02
2150.78
1230.07
1532.66
1403.05
1456.95
1956.95
1454.42
1266.05
1061.52
1961.16
1044.63
1009.08
1411.95
1230.87
1249.14
1110.08
1317.15
1350.48
1617.14
1209.79
2091.77
1360.21
1154.9
1352.99
737.92
1403.76
1101.85
2024.97
1832.42
647.54
724.7
1351.53
1890.36
803.68
1770.69
934.23
1611.67
1010.35
920.39
1775.96
1241.28
579.98
1658.06
2025.3
1139.89
956.2
777.4
1391.31
1307.46
1929.35
1253.75
1501.13
1614.82
939.77
1694.29
1580.11
1373.47
1642.86
482.17
1731.88
1198.56
1605.63
596.6
853.11
2207.38
1598.49
1415.56
795.8
1324.36
1876.37
1636.43
1729.13
1432.87
1638.0
1158.58
1568.45
1468.85
1210.96
1007.32
836.74
985.81
1546.19
1844.44
1893.11
1762.38
1982.15
2016.78
1286.73
1454.64
984.56
1087.91
1166.82
959.46
1181.8
1122.74
2056.2
1000.16
1667.9
1564.23
1440.12
1505.9
1318.67
1693.76
551.55
657.91
743.25
1242.57
1060.17
2228.19
1448.8
2253.74
1386.42
1136.43
1299.12
505.47
1022.11
1514.82
1462.92
1564.9
834.88
927.58
1142.9
832.9
1316.33
1148.01
883.49
1457.99
1879.54
1726.63
1013.35
1070.23
679.56
775.91
1642.84
1326.72
1509.02
1254.86
1463.87
1128.83
1706.48
1967.35
1315.8
2142.78
1451.42
1370.33
1066.49
1209.15
1654.36
360.59
1779.48
1683.87
1288.31
1220.64
1213.06
1507.99
866.29
1370.76
1350.79
1041.28
878.19
1685.27
1551.51
1549.82
809.96
1169.82
1749.58
680.5
1392.67
2094.55
1231.21
1184.54
1700.87
1482.79
1087.28
1804.36
1762.89
849.83
1159.07
1654.99
1142.63
984.26
1974.65
1496.21
1156.55
1645.5
1663.11
1071.12
963.9
1921.79
999.87
908.42
1203.28
1016.98
496.48
1360.69
494.17
1405.84
1021.75
1461.55
1405.15
1582.27
1235.47
1246.81
588.7
752.69
1566.13
1705.3
1774.73
1437.27
1657.09
1373.75
1290.16
1225.82
1708.41
1255.82
438.32
1977.05
1048.62
1005.66
896.73
801.89
1885.04
1051.16
1026.77
1648.51
2237.78
1129.59
1487.02
1226.82
1566.34
1977.06
1324.96
1472.43
1603.73
1268.37
1852.85
1187.67
1597.26
1149.15
1015.89
1717.64
1532.52
1338.75
1193.93
2170.38
1111.72
1955.34
1468.1
1434.76
1346.61
762.18
1335.21
909.0
2083.06
831.45
1740.64
1474.0
1887.46
1856.65
1007.89
1113.92
1392.53
1243.82
1365.57
1102.6
1255.42
1366.56
1201.65
1682.08
1384.48
804.05
994.68
825.45
985.16
2002.36
1340.47
724.61
1894.43
1329.23
1475.41
2095.25
1687.24
1417.18
1453.63
1485.43
730.01
651.91
1216.1
1690.08
1620.88
1493.88
1989.32
1442.72
1677.11
1212.13
1012.15
964.03
1593.4
1322.84
1405.71
835.41
1432.91
1529.83
814.21
2010.98
1112.81
1859.71
1843.04
912.34
754.09
1362.3
1796.22
1569.32
1466.8
1039.54
1759.0
1661.98
1609.11
1259.31
1417.04
1925.52
523.6
744.46
1198.54
1067.12
1450.38
1178.17
2221.84
793.71
1665.41
1332.92
747.51
1470.7
1348.08
1820.49
736.26
1467.14
1482.15
1335.46
962.83
1840.18
1076.17
1183.65
872.01
1254.1
1550.53
1214.39
1338.92
542.92
922.98
1179.57
1010.27
1276.22
1529.22
1243.6
1781.74
1698.75
2080.49
1438.91
1679.76
1229.01
2159.92
1452.62
1545.07
1847.68
2088.51
1451.19
2098.78
1239.77
1390.53
2234.22
1171.87
1074.47
1830.14
1966.86
1465.78
1188.04
1380.94
1932.32
1444.34
1583.18
1366.1
1750.9
1110.49
1374.2
704.26
945.47
1398.74
1060.97
1285.19
1475.8
2082.08
2189.71
1396.87
1062.17
1037.09
1333.49
2158.7
1948.87
1100.17
1630.18
1451.83
964.5
1542.91
1276.51
1188.14
1069.78
1330.64
1814.79
1735.28
1761.91
1240.07
1083.34
1940.99
1067.01
1665.38
1130.7
1619.12
855.51
959.53
808.95
1468.76
1292.68
1465.26
1072.16
1426.57
1527.26
1884.95
1931.5
1701.97
510.62
1087.78
758.72
1252.94
1796.18
1111.1
1540.95
1696.52
613.9
972.44
1957.06
2283.88
1861.97
1386.24
604.81
921.6
1301.59
1461.81
1253.85
1383.6
1492.6
1464.48
1285.64
1375.19
842.0
1524.68
1717.58
1716.78
2158.7
1690.46
1222.3
1052.7
1009.77
1976.12
840.85
1230.76
1312.84
1534.41
1079.3
1690.68
1833.98
1119.82
1987.85
938.11
1196.35
1654.03
1029.33
2154.49
1723.8
1463.9
1091.88
1455.51
999.08
1336.43
1310.2
1398.03
1557.54
1250.21
1306.12
1105.04
1885.91
868.5
1731.63
944.25
780.77
1908.56
1260.27
912.08
747.11
1262.13
1045.97
750.85
811.14
458.73
966.06
1803.12
761.34
1418.56
1629.61
1505.15
1562.57
1716.53
1732.94
967.55
1090.1
1852.5
1176.17
1646.37
976.77
1402.56
1411.86
1006.56
1194.9
1157.31
1435.98
1511.27
1378.31
1640.53
1692.06
937.79
752.51
1223.22
1604.38
1512.18
1033.98
1160.06
1163.8
1153.31
916.56
1128.53
380.5
1459.23
1132.39
860.95
1748.09
1104.95
1751.78
1023.3
1534.59
1657.01
1350.84
1034.65
1568.23
1598.71
1792.91
817.03
1161.52
1037.04
1594.76
732.41
1426.07
2023.09
1456.61
2173.18
1618.64
1496.22
1630.16
1446.34
2199.61
2203.6
1253.77
1645.01
1578.24
887.71
1490.7
880.13
1745.61
684.95
348.83
715.74
831.93
1450.64
2340.24
1173.25
1262.59
1335.34
795.95
1062.28
1508.73
1481.71
1267.66
2090.14
620.74
1299.19
1001.89
2307.33
1041.89
1755.27
1014.14
1737.76
998.67
860.71
1941.99
1574.68
933.42
1966.42
1542.13
1434.38
1973.75
1398.96
1047.7
1401.47
1493.59
1330.01
1103.06
1523.13
1337.11
1315.18
1540.92
1683.26
1579.57
2002.64
1945.68
903.24
1271.02
1911.01
1327.16
617.3
918.33
773.97
1836.48
977.67
1132.31
2284.85
946.53
1271.89
1439.84
1557.33
651.4
1033.33
1579.42
1654.57
546.73
764.74
1820.71
2001.77
1534.65
1750.55
1331.81
710.09
1786.63
1151.73
1100.29
1886.63
1027.08
2260.55
907.15
1576.83
1494.79
1679.64
1704.84
793.62
1928.2
986.8
1721.66
2166.34
1462.41
1442.26
1879.34
1955.15
991.99
821.14
1333.04
1326.71
2229.66
1018.04
1655.62
1849.78
1067.2
1362.55
1424.72
1201.4
1031.64
1684.31
1971.64
1257.54
1054.29
1316.2
1247.38
2002.86
786.62
1846.79
1348.86
1745.7
1247.14
1803.67
927.4
1488.32
996.16
1300.28
1369.2
743.91
978.36
1442.49
901.32
1794.75
1470.49
1482.03
1453.6
1231.48
1134.53
1081.04
2069.9
1427.8
1361.43
1065.32
707.21
1763.23
1403.45
1221.26
969.43
1119.58
1808.29
1429.37
1695.15
1876.34
1046.89
1168.89
1643.73
1543.47
963.44
2023.96
880.06
1332.75
1355.81
1316.02
1805.97
984.93
1117.31
1515.65
612.06
1338.46
1452.8
1335.25
1536.53
1084.41
2073.05
1499.97
1456.49
1548.08
443.55
826.71
1627.41
1476.63
1955.07
707.61
1024.61
1124.22
1894.05
1727.4
1439.85
1746.25
2080.87
1216.62
1252.92
1816.22
1850.33
1409.59
1393.84
1300.99
2045.76
1264.39
1702.63
1295.33
1569.38
1306.02
962.69
1478.46
2054.86
1064.74
1395.19
1189.65
1438.05
1292.28
798.04
920.53
1493.02
1590.37
1347.28
1314.53
1960.58
1156.7
1681.03
809.41
1324.18
970.7
1036.71
1297.43
872.21
738.18
1284.27
899.98
1568.98
936.87
998.18
1634.75
946.17
1369.91
1896.82
927.23
1334.26
1402.77
1181.69
1394.42
945.24
748.51
947.1
744.9
1977.31
1644.61
980.8
1338.81
463.46
1045.4
1145.81
1183.94
1254.34
1920.12
1175.66
1100.98
1223.08
2207.91
1627.85
1607.69
1469.7
1098.1
1847.81
2110.22
1875.92
1246.9
1225.32
690.42
1510.19
948.93
1650.34
2063.07
1724.07
1671.28
1264.7
1416.78
1049.11
1040.16
1657.51
1334.75
1406.36
638.69
1069.0
1583.73
1171.29
1295.18
1632.96
1688.14
335.31
1387.29
2069.26
1852.58
1088.83
1238.41
1178.79
1591.76
1686.2
1853.54
1366.32
1241.56
839.02
1239.36
1233.12
755.03
1902.36
263.79
1728.87
918.18
912.64
1393.37
965.84
1710.86
1425.36
1720.16
1709.87
828.88
1799.49
1409.06
1803.94
665.96
860.18
1354.37
1548.8
1303.16
875.99
1671.33
1868.07
654.45
1091.82
890.56
1512.04
1832.06
1329.27
1804.56
1544.9
1282.89
642.89
677.85
1519.56
1954.7
1496.26
2188.27
959.69
1300.1
1197.22
1968.34
932.37
1037.76
1559.64
1764.74
954.73
1593.56
1383.77
1389.64
1996.14
1057.65
1352.92
1160.47
1795.94
721.61
954.16
1841.44
1608.68
757.04
1255.81
1412.32
1428.3
1927.39
1928.25
1108.04
794.95
1607.89
1185.64
1465.95
1144.92
1239.5
1099.01
1056.63
911.19
1185.33
2204.41
1426.8
1023.67
1532.26
1339.15
1223.7
1103.17
1927.76
1539.53
1360.61
1983.69
1270.42
1711.79
1287.86
1718.73
1756.39
1137.41
1610.49
1261.63
1074.87
1649.61
1663.39
1895.58
1296.02
1587.22
2130.54
791.24
1392.0
890.73
1414.86
1693.76
1596.77
1062.41
678.01
1083.55
1428.05
1329.94
1335.52
1762.74
2320.56
1281.47
2083.48
700.72
1365.45
1057.43
1232.8
1091.76
1097.38
1450.68
1438.64
1230.55
825.22
1205.16
1159.97
1063.7
2081.33
1833.5
1449.91
1642.01
1510.13
1191.8
1179.19
960.09
1731.14
1257.98
1770.98
863.96
1106.15
1999.38
782.32
1528.64
1357.74
1291.28
1127.94
1585.84
1161.18
1961.48
1820.67
993.86
1493.93
1023.66
798.54
1367.44
761.87
2259.35
1891.28
1361.99
1181.96
1434.9
418.36
1607.42
1268.39
1310.28
1406.79
1086.43
856.82
2054.62
1012.0
1231.99
1639.01
770.19
1330.12
842.56
640.45
1449.43
1581.88
1317.79
1554.45
1498.19
1272.49
2249.7
1381.53
1405.62
1303.42
1169.43
1526.39
831.49
1400.53
1718.25
705.4
977.66
1199.29
1475.42
2025.24
1720.02
1851.01
1443.45
1838.97
1768.83
1043.32
1753.67
986.36
1038.91
1198.26
824.7
1739.56
841.14
1119.05
2227.39
1918.33
984.84
1614.24
1901.12
1215.81
1564.72
1160.9
1077.56
1245.2
1447.09
1038.8
1714.94
1414.66
1164.56
933.97
884.68
1741.01
1580.7
1006.48
1280.82
2012.47
2030.63
947.68
1487.33
1535.91
975.92
459.05
1492.1
1158.2
883.83
1599.11
692.06
1474.56
1482.58
1158.81
1707.66
1454.56
1124.66
1145.38
1312.24
1226.75
1744.26
1446.01
1021.1
965.56
847.21
1232.41
1750.52
1825.55
1576.73
2319.27
855.22
1616.63
1342.23
935.02
918.22
2186.8
852.88
1421.86
1344.43
2149.17
1415.73
988.03
1251.02
2114.79
1059.18
899.97
1185.74
1253.08
1141.33
1123.97
1279.7
1203.0
1523.63
1092.72
1318.67
1852.44
1930.7
1486.01
330.8
466.86
1960.67
1445.56
887.78
2063.45
999.2
1229.89
830.1
1310.15
929.47
1925.41
1036.83
1888.49
1064.03
813.76
1776.81
870.81
775.88
1454.42
1558.27
1634.74
830.84
1728.62
1195.85
695.02
1731.59
1833.73
1213.19
2064.62
1394.98
1910.72
1137.48
1967.08
917.01
1110.38
863.99
1822.87
1441.99
1394.86
1214.0
1350.61
815.93
870.62
1182.79
1335.72
2003.04
1795.22
1231.63
965.03
1243.15
1329.53
858.3
1459.57
891.3
1216.56
1542.27
1142.9
1236.47
1471.18
783.74
828.05
2065.9
1113.26
1689.7
1073.19
1103.68
2150.12
1187.51
1336.37
1353.43
1601.87
1020.12
301.09
1904.62
1286.99
1987.93
1324.96
1126.72
1123.52
1810.47
1537.4
1781.68
1403.08
1952.14
948.47
1651.83
1479.6
1161.64
1461.31
1871.34
1558.54
1869.18
1587.19
1622.12
776.29
1594.38
1064.58
877.83
989.77
1475.43
1759.8
1208.13
572.09
1461.94
965.6
1410.12
1364.6
1595.46
1386.42
1255.0
1355.84
1067.12
1784.52
1318.27
1638.35
814.06
1441.02
1514.3
1256.38
873.06
1178.04
1108.42
2193.62
956.98
1347.75
1300.48
1959.12
1665.0
1163.0
1774.77
989.54
1644.45
1123.36
1203.8
1376.3
1491.26
1238.26
890.05
1297.7
1094.86
833.88
1831.77
1096.72
1594.2
1241.54
1384.76
1120.85
1925.19
1410.16
1972.21
1553.54
2023.51
1556.0
867.74
1397.29
981.76
1089.18
1598.98
1104.67
759.91
2034.78
1417.01
1148.71
1145.26
845.53
1362.94
1996.02
1784.82
673.07
869.96
1051.03
1476.37
1089.07
1410.05
1563.56
1104.23
396.06
1217.52
1600.57
1163.95
1413.72
1148.53
1617.0
1927.56
1191.85
710.77
2011.29
1025.77
1461.52
1624.74
1097.03
2126.5
1389.4
1904.71
2315.63
442.97
999.39
420.5
1590.56
713.3
988.89
1716.43
1988.82
782.99
1289.4
1365.84
1829.79
1717.95
454.41
1427.82
1516.84
2051.63
866.88
2054.52
2026.17
1830.72
1169.38
1441.2
776.55
1306.8
900.65
1327.29
1195.94
1156.23
1351.91
1503.56
1185.43
1431.3
293.86
1647.93
1644.88
1251.07
1251.69
901.34
1362.84
1165.63
1286.93
1788.77
1329.44
1191.0
1263.29
1449.0
1501.44
1313.93
1459.4
1264.02
1184.85
1764.2
1767.8
1368.09
1272.09
571.49
1350.17
885.15
847.34
1233.68
1001.83
1671.79
1431.59
1064.7
1644.94
1208.01
1814.88
994.98
1014.37
1039.24
873.88
1195.76
1254.67
1200.49
1939.39
1012.58
829.74
1140.51
1472.22
628.24
1406.94
1138.68
1169.4
1682.96
2054.71
858.68
963.29
1080.2
1464.8
1319.96
937.68
1031.93
852.64
1762.32
1277.8
2011.3
1246.46
836.37
1874.75
1475.19
1423.95
1164.0
1239.11
1437.46
1387.25
856.78
1058.53
1779.29
932.33
1389.69
1028.33
960.59
1196.28
1135.82
1117.49
1148.28
1383.7
1710.16
1511.15
963.54
1788.32
1190.28
1397.55
1343.99
1425.31
1259.38
909.56
1310.76
1309.89
1588.45
878.52
1187.78
1662.6
1976.18
1498.43
1491.96
1815.9
1546.2
2038.55
1304.5
1300.0
1404.43
1583.1
1511.09
1753.26
1221.13
1171.12
977.45
722.22
1124.19
2325.57
979.8
1624.63
1687.56
1791.4
1191.9
1030.85
1279.47
2076.13
410.61
1139.98
1076.06
1420.78
1330.93
1723.61
1198.96
685.37
866.53
1009.01
1354.94
1885.18
1614.6
1781.1
1291.15
1510.82
1373.5
2132.33
1052.86
1579.13
576.3
836.52
1336.09
1183.15
1202.38
1409.76
1242.5
1290.56
1529.74
1441.34
1183.9
1831.01
1510.27
956.67
1574.43
1650.84
1427.8
881.17
883.12
1556.57
931.07
1046.33
684.43
1122.46
1506.22
1439.05
1134.38
801.87
827.92
1590.19
1075.44
921.02
1113.57
2065.43
1357.48
1350.83
1573.62
1280.37
1039.2
757.21
1406.32
805.96
1004.93
1960.05
1963.15
992.17
1939.02
984.39
1314.09
1118.09
1062.96
1290.43
948.92
1358.27
1521.22
994.93
1114.95
1991.33
1057.27
1051.81
1785.08
1223.91
1972.94
1825.71
1045.04
1331.98
1937.39
1081.5
1275.85
1407.84
643.87
582.93
1646.38
1214.03
1055.85
1060.51
1722.91
1179.61
1224.84
1174.8
985.2
1370.46
1614.89
1523.72
1405.61
1660.15
1315.96
1152.64
1461.48
2230.84
1458.68
2137.97
2078.07
1378.14
1588.18
1115.95
1438.19
1398.03
1206.26
2104.91
1301.38
1282.03
1474.04
1026.71
1550.89
1161.96
1159.91
1150.67
1724.31
1239.58
1235.53
1721.9
1167.12
1375.22
1040.89
1102.53
1217.06
1140.47
1491.11
1147.62
1132.58
1281.63
796.88
1052.12
950.4
1463.42
2285.17
1186.74
1162.1
966.91
1590.82
516.4
1185.37
1015.38
1066.76
1360.17
1914.7
1775.66
1029.32
2068.7
896.71
1073.83
1880.63
1485.13
1161.36
1051.18
1389.65
1145.65
1726.25
1546.09
1043.55
1902.18
2024.43
1817.8
1489.72
1155.71
1054.07
1272.89
808.82
1275.17
1251.81
1159.97
676.04
1748.96
1442.65
995.64
1240.12
1352.99
1098.56
1322.28
1633.07
1258.39
823.18
1452.87
1493.12
658.45
761.81
740.48
1645.62
1537.45
1879.68
2025.82
947.37
1698.58
1423.81
1345.24
1422.95
1825.49
1350.86
1881.13
1152.56
776.95
1061.82
1378.27
1551.87
1557.08
1531.47
1237.28
1647.63
1527.98
1401.65
1969.89
1601.42
1511.44
1152.15
2009.92
2216.07
1159.66
1041.52
852.76
2125.21
957.27
1970.63
1720.91
1295.99
964.32
1146.31
1391.3
1514.12
917.46
1013.01
1585.26
990.38
1398.8
1258.62
1674.5
1120.85
890.78
1126.46
1227.7
1355.4
1312.73
1323.6
1380.38
1593.56
1892.82
1558.29
1225.55
1575.13
1103.24
1815.73
1505.54
1529.53
763.41
804.44
1950.7
903.78
795.5
1150.63
1110.98
1679.98
1552.5
1531.67
1618.13
1392.56
1179.26
2314.12
1918.81
1410.6
1468.4
1211.31
1354.77
1137.89
1213.19
1331.65
1250.35
1096.83
1255.45
1675.14
1033.42
1585.59
2163.38
599.68
843.0
1400.05
1232.66
1366.8
1573.57
1466.37
810.78
1515.64
1523.2
1081.65
1102.91
2025.93
1150.93
2032.4
1387.77
1609.24
1027.09
1108.23
1729.96
1690.51
2178.46
1083.82
740.84
885.93
1609.43
1065.42
968.14
1946.41
1089.06
2267.57
1290.83
1544.05
1917.52
1497.77
965.94
1288.03
1337.07
1272.29
993.74
878.9
816.7
1637.83
1607.99
766.22
1934.34
1298.6
1489.67
1385.16
1710.64
1965.14
1936.16
1125.07
1871.36
1155.4
782.49
639.76
1617.81
1244.03
1028.35
1334.64
1487.41
1800.1
1780.62
1580.19
1402.91
1109.94
1130.64
1469.77
1787.78
1755.12
1124.61
1078.36
1295.35
1322.89
1022.29
1817.56
1299.82
2038.62
1222.92
1290.1
1277.09
582.49
1435.36
1309.75
1328.73
1193.03
777.86
1236.74
1359.44
1015.74
800.19
1476.27
836.76
1489.97
1165.5
1647.81
1070.74
2114.92
1864.87
1425.49
1301.82
1601.0
1070.54
1583.93
590.27
923.76
1925.16
1220.9
1290.73
1242.12
1245.86
398.0
1194.18
1343.58
1260.3
2004.4
1809.73
450.52
1200.58
505.07
1333.69
1147.17
1478.87
1016.83
1665.34
1723.72
613.02
307.34
1024.24
1338.28
1335.37
1363.9
1021.34
1485.68
1019.09
2134.77
1249.38
945.68
982.07
880.98
1416.02
1645.76
948.36
1493.4
1379.63
1191.64
792.48
983.39
1142.04
1806.69
1122.49
1011.65
1074.28
1497.63
774.81
1141.24
1585.78
1394.32
2161.5
1414.12
1842.71
1045.11
1752.58
911.89
1292.67
1139.33
1275.59
990.73
1198.27
1382.66
1245.44
1219.56
1382.59
1760.14
1911.55
1664.68
937.45
1986.32
882.8
1397.9
1735.9
1468.89
1584.31
913.25
1254.69
1253.26
1922.74
1336.91
1614.98
1549.7
977.46
1307.89
1442.27
1726.44
888.07
998.7
976.62
1228.21
1897.48
838.33
1594.69
1216.13
869.87
571.18
1565.31
1077.59
1247.55
745.97
755.74
1088.45
1308.33
1892.11
1828.29
809.92
1440.71
1064.91
877.63
1552.29
1246.22
1063.74
1226.71
1663.98
1198.49
1344.31
1171.03
1007.83
1369.28
1284.66
1179.81
1309.92
1130.5
602.94
765.3
1386.7
931.13
805.91
1060.31
1944.73
931.43
837.85
1511.97
997.02
1129.82
1474.18
1535.62
1345.75
938.85
1566.7
1395.93
1361.87
1181.68
1977.95
1442.87
1460.96
2007.35
1493.95
1492.08
1070.57
1451.08
1043.35
1167.84
1412.07
1116.6
1717.41
1815.42
2134.43
2167.11
1354.48
1248.99
1387.41
1542.85
1377.4
1183.36
1198.23
1556.76
2129.9
1610.83
1780.94
1077.78
848.31
1078.96
1406.87
1593.64
1551.36
671.45
1473.07
653.58
1483.88
1804.08
1278.12
1250.91
979.41
695.5
1584.34
1183.44
1314.69
1161.76
1301.82
1967.47
1542.48
761.95
914.74
1623.99
937.7
1351.51
1309.83
1368.93
1248.99
808.31
650.0
1843.1
1169.64
1687.93
1739.28
1311.16
1272.13
2144.27
865.33
1007.41
1368.71
970.72
1863.12
753.62
1634.05
1408.31
1035.82
635.08
1745.75
1303.64
1054.44
1245.62
1722.41
1112.15
869.66
1036.16
817.99
2081.66
1230.76
771.13
1743.82
2127.51
1634.01
1014.53
798.62
775.66
1502.86
1479.11
1765.21
524.87
1619.27
1510.88
1555.17
1359.07
1860.94
1275.52
784.89
1560.41
1489.31
1501.49
1365.01
701.92
1184.04
1253.33
678.82
1656.74
1187.69
1287.08
1251.01
954.58
1546.84
1425.09
2124.84
1473.54
768.23
1045.73
1267.1
1322.57
1338.74
1272.51
1571.62
1083.86
1433.02
1837.66
1501.43
1010.52
1507.99
1983.14
1365.85
1109.29
1922.62
1316.37
869.5
1212.16
769.28
1402.53
978.45
1171.51
1168.84
1218.19
1188.39
968.63
1055.92
1837.46
1093.84
1836.97
1200.2
1205.38
882.86
1418.52
2011.05
1242.81
1388.7
1192.12
1197.28
1005.01
1470.99
1148.35
1644.47
1428.1
1416.65
964.46
1281.08
1437.62
1676.46
1150.94
1270.76
1481.16
905.63
1629.58
2010.17
1642.77
1611.98
1642.11
1297.13
1545.7
459.24
1002.09
1574.56
1039.87
909.75
1795.6
1429.79
1160.16
1049.3
1956.52
1091.44
154.64
1013.78
1284.27
1608.5
1811.74
2166.11
1597.07
1698.84
852.61
1492.59
1148.27
1273.62
1178.47
819.92
789.98
1659.29
1255.62
872.33
1089.07
1436.3
1996.85
1572.72
1551.71
1314.37
1797.95
1502.44
1260.69
1674.72
1148.4
1081.18
635.66
1170.76
682.6
1563.33
1398.49
1504.94
1136.88
1214.43
996.52
851.94
851.84
1592.62
1708.08
1184.94
2247.55
1285.98
1147.52
2119.9
1115.31
1080.16
951.39
1473.82
1103.27
1185.44
849.35
2130.43
1582.06
1408.21
1398.67
943.86
1785.83
789.46
1093.5
1367.32
1070.41
1090.21
1296.23
1063.63
1125.47
1176.94
1925.42
1402.16
1050.68
1998.37
1053.65
1497.98
789.82
1616.14
1506.94
782.57
1617.41
1232.1
317.56
1179.05
1256.79
1120.23
1284.95
1241.54
1420.51
1516.04
1852.43
602.63
1339.54
746.04
1296.63
1102.2
1084.88
1820.0
1705.97
1564.95
1255.22
1152.62
1861.15
1255.39
1476.63
1053.72
1344.33
952.84
2001.2
501.63
875.65
1218.7
1218.6
1726.29
840.08
1161.62
2303.85
1091.32
1237.82
495.36
954.89
1390.85
1107.49
869.04
972.13
1352.63
1317.1
2079.91
1835.41
1700.06
851.78
1521.42
1548.13
1355.17
1273.75
1836.52
891.58
1305.1
1066.18
1047.34
2118.45
1549.37
1287.54
1130.0
1388.76
729.19
1161.9
848.01
1590.62
1383.9
1306.44
1386.72
1605.26
1854.48
1535.15
373.43
1173.51
1464.96
1723.24
945.84
1489.41
1177.92
1209.79
1137.59
2006.01
1361.93
1399.94
2077.87
1769.22
1438.75
866.2
1604.22
1281.24
1326.75
423.9
1533.63
1651.8
1385.89
1350.63
1750.43
875.45
702.18
828.78
1683.65
981.04
